Large
P: 1, K: 2
0.718703
0.690537
0.705446
.70489
P: 1, K: 5
1.444526
1.419287
1.425186
1.42966
P: 1, K: 10
9.598815
6.539327
7.008440
7.71552
P: 1, K: 25
22.807100
25.112586
45.473431
31.13103
P: 2, K: 2
0.737445
0.706317
0.706653
.71680
P: 2, K: 5
1.475497
1.461508
1.447238
1.46141
P: 2, K: 10
10.736130
7.996390
9.849360
9.52729
P: 2, K: 25
25.184617
25.477013
25.531787
25.39780
P: 4, K: 2
0.734586
0.738353
0.719486
.73080
P: 4, K: 5
1.473871
1.489783
1.498423
1.48735
P: 4, K: 10
9.072081
4.497114
8.063561
7.21091
P: 4, K: 25
31.910681
29.895285
30.458603
30.75485
P: 8, K: 2
0.792229
0.907662
0.514753
.73821
P: 8, K: 5
1.537439
1.766263
1.636182
1.64662
P: 8, K: 10
4.748397
6.792559
11.571299
7.70408
P: 8, K: 25
36.355960
36.920422
29.994409
34.42359
P: 16, K: 2
1.206903
0.934171
0.920615
1.02056
P: 16, K: 5
1.777109
1.748549
1.747682
1.75778
P: 16, K: 10
3.112418
13.553900
12.584531
9.75028
P: 16, K: 25
29.294676
38.336783
21.428231
29.68656