Medium
P: 1, K: 2
0.094272
0.093604
0.142713
.11019
P: 1, K: 5
0.290009
1.442200
0.286598
.67293
P: 1, K: 10
4.044716
2.149364
3.538913
3.24433
P: 1, K: 25
5.420358
7.171877
8.769493
7.12057
P: 2, K: 2
0.156988
0.144156
0.150367
.15050
P: 2, K: 5
1.110158
1.388064
1.079964
1.19272
P: 2, K: 10
3.644859
4.427607
3.332169
3.80154
P: 2, K: 25
7.677236
6.066779
7.302682
7.01556
P: 4, K: 2
0.164012
0.174516
0.176946
.17182
P: 4, K: 5
1.427589
1.223831
0.328771
.99339
P: 4, K: 10
3.592549
2.952193
2.914858
3.15320
P: 4, K: 25
7.838148
6.906179
7.265289
7.33653
P: 8, K: 2
0.149968
0.245808
0.236891
.21088
P: 8, K: 5
2.783511
1.620468
0.406839
1.60360
P: 8, K: 10
3.758084
4.646300
3.238553
3.88097
P: 8, K: 25
10.259967
8.004336
6.552060
8.27212
P: 16, K: 2
0.329615
0.338046
0.175455
.28103
P: 16, K: 5
0.540256
2.663410
0.554925
1.25286
P: 16, K: 10
3.475996
7.594949
3.016215
4.69572
P: 16, K: 25
9.410654
9.302655
10.314078
9.67579
